10
10.125
10.25
10.375
10.5
10.625
10.75
10.875
11
11.125
11.25
11.375
11.5
11.625
11.75
11.875
12
12.125
12.25
12.375
12.5
12.625
12.75
12.875
13
13.125
13.25
13.375
13.5
13.625
13.75
13.875
14
14.125
14.25
14.375
14.5
14.625
14.75
14.875
15
15.125
15.25
15.375
15.5
15.625
15.75
15.875
16
16.125
16.25
16.375
16.5
16.625
16.75
16.875
17
17.125
17.25
17.375
17.5
17.625
17.75
17.875
18
18.125
18.25
18.375
18.5
18.625
18.75
18.875
19
19.125
19.25
19.375
19.5
19.625
19.75
19.875
20
20.125
20.25
20.375
20.5
20.625
20.75
20.875
21
21.125
21.25
21.375
21.5
21.625
21.75
21.875
22
22.125
22.25
22.375
22.5
22.625
22.75
22.875
23
23.125
23.25
23.375
23.5
23.625
23.75
23.875
24
24.125
24.25
24.375
24.5
24.625
24.75
24.875
25
25.125
25.25
25.375
25.5
25.625
25.75
25.875
26
26.125
26.25
26.375
26.5
26.625
26.75
26.875
27
27.125
27.25
27.375
27.5
27.625
27.75
27.875
28
28.125
28.25
28.375
28.5
28.625
28.75
28.875
29
29.125
29.25
29.375
29.5
29.625
29.75
29.875
30
30.125
30.25
30.375
30.5
30.625
30.75
30.875
31
31.125
31.25
31.375
31.5
31.625
31.75
31.875
32
32.125
32.25
32.375
32.5
32.625
32.75
32.875
33
33.125
33.25
33.375
33.5
33.625
33.75
33.875
34
34.125
34.25
34.375
34.5
34.625
34.75
34.875
35
35.125
35.25
35.375
35.5
35.625
35.75
35.875
36
36.125
36.25
36.375
36.5
36.625
36.75
36.875
37
37.125
37.25
37.375
37.5
37.625
37.75
37.875
38
38.125
38.25
38.375
38.5
38.625
38.75
38.875
39
39.125
39.25
39.375
39.5
39.625
39.75
39.875
40
