9.369e+07
9.4336e+07
9.4968e+07
9.5586e+07
9.6191e+07
9.6781e+07
9.7359e+07
9.7923e+07
9.8475e+07
9.9013e+07
9.9539e+07
1.0005e+08
1.0055e+08
1.0104e+08
1.0152e+08
1.0198e+08
1.0244e+08
1.0288e+08
1.0331e+08
1.0373e+08
1.0414e+08
1.0455e+08
1.0494e+08
1.0532e+08
1.0569e+08
1.0605e+08
1.0641e+08
1.0675e+08
1.0709e+08
1.0742e+08
1.0774e+08
1.0806e+08
1.0837e+08
1.0867e+08
1.0897e+08
1.0926e+08
1.0955e+08
1.0983e+08
1.1011e+08
1.1039e+08
1.1066e+08
1.1093e+08
1.1119e+08
1.1145e+08
1.1172e+08
1.1198e+08
1.1224e+08
1.125e+08
1.1276e+08
1.1302e+08
1.1328e+08
1.1354e+08
1.1381e+08
1.1408e+08
1.1435e+08
1.1463e+08
1.1491e+08
1.152e+08
1.1549e+08
1.1578e+08
1.1609e+08
1.164e+08
1.1672e+08
1.1704e+08
1.1738e+08
1.1772e+08
1.1808e+08
1.1844e+08
1.1882e+08
1.192e+08
1.196e+08
1.2001e+08
1.2044e+08
1.2087e+08
1.2133e+08
1.2179e+08
1.2227e+08
1.2277e+08
1.2329e+08
1.2381e+08
1.2436e+08
1.2493e+08
1.2551e+08
1.2611e+08
1.2673e+08
1.2737e+08
1.2803e+08
1.2871e+08
1.2941e+08
1.3013e+08
1.3087e+08
1.3164e+08
1.3242e+08
1.3323e+08
1.3406e+08
1.3491e+08
1.3579e+08
1.3669e+08
1.3762e+08
1.3857e+08
1.3954e+08
1.4054e+08
1.4156e+08
1.4261e+08
1.4368e+08
1.4478e+08
1.459e+08
1.4705e+08
1.4822e+08
1.4942e+08
1.5065e+08
1.519e+08
1.5318e+08
1.5448e+08
1.5581e+08
1.5717e+08
1.5855e+08
1.5996e+08
1.6139e+08
1.6285e+08
1.6434e+08
1.6585e+08
1.6739e+08
1.6896e+08
1.7055e+08
1.7216e+08
1.7381e+08
1.7548e+08
1.7717e+08
1.7889e+08
1.8064e+08
1.8241e+08
1.8421e+08
1.8603e+08
1.8788e+08
1.8975e+08
1.9165e+08
1.9357e+08
1.9552e+08
1.9749e+08
1.9949e+08
2.0151e+08
2.0356e+08
2.0563e+08
2.0773e+08
2.0985e+08
2.1199e+08
2.1416e+08
2.1635e+08
2.1856e+08
2.208e+08
2.2306e+08
2.2534e+08
2.2765e+08
2.2998e+08
2.3233e+08
2.347e+08
2.371e+08
2.3952e+08
2.4196e+08
2.4443e+08
2.4692e+08
2.4942e+08
2.5195e+08
2.5451e+08
2.5708e+08
2.5968e+08
2.6229e+08
2.6493e+08
2.6759e+08
2.7027e+08
2.7297e+08
2.7569e+08
2.7843e+08
2.8119e+08
2.8398e+08
2.8678e+08
2.8961e+08
2.9245e+08
2.9531e+08
2.982e+08
3.011e+08
3.0403e+08
3.0697e+08
3.0993e+08
3.1291e+08
3.1592e+08
3.1894e+08
3.2198e+08
3.2504e+08
3.2812e+08
3.3121e+08
3.3433e+08
3.3747e+08
3.4062e+08
3.4379e+08
3.4699e+08
3.502e+08
3.5342e+08
3.5667e+08
3.5994e+08
3.6322e+08
3.6652e+08
3.6984e+08
3.7318e+08
3.7654e+08
3.7991e+08
3.833e+08
3.8671e+08
3.9014e+08
3.9358e+08
3.9704e+08
4.0052e+08
4.0402e+08
4.0754e+08
4.1107e+08
4.1462e+08
4.1818e+08
4.2177e+08
4.2537e+08
4.2899e+08
4.3262e+08
4.3627e+08
4.3994e+08
4.4363e+08
4.4733e+08
4.5105e+08
4.5479e+08
4.5854e+08
4.6231e+08
4.661e+08
4.699e+08
4.7372e+08
4.7756e+08
4.8141e+08
4.8528e+08
4.8916e+08
4.9306e+08
4.9698e+08
5.0092e+08
5.0487e+08
