1.6478e+08
1.6429e+08
1.6377e+08
1.6323e+08
1.6265e+08
1.6205e+08
1.6143e+08
1.6078e+08
1.601e+08
1.594e+08
1.5868e+08
1.5793e+08
1.5716e+08
1.5636e+08
1.5555e+08
1.5471e+08
1.5385e+08
1.5297e+08
1.5207e+08
1.5115e+08
1.5021e+08
1.4925e+08
1.4827e+08
1.4727e+08
1.4625e+08
1.4521e+08
1.4416e+08
1.4309e+08
1.4199e+08
1.4089e+08
1.3976e+08
1.3862e+08
1.3746e+08
1.3628e+08
1.3509e+08
1.3389e+08
1.3266e+08
1.3143e+08
1.3017e+08
1.2891e+08
1.2762e+08
1.2633e+08
1.2502e+08
1.2369e+08
1.2236e+08
1.2101e+08
1.1964e+08
1.1827e+08
1.1688e+08
1.1548e+08
1.1407e+08
1.1265e+08
1.1122e+08
1.0978e+08
1.0832e+08
1.0686e+08
1.0539e+08
1.0391e+08
1.0242e+08
1.0093e+08
9.9428e+07
9.7919e+07
9.6405e+07
9.4885e+07
9.3361e+07
9.1833e+07
9.0303e+07
8.877e+07
8.7236e+07
8.5703e+07
8.417e+07
8.2639e+07
8.1111e+07
7.9588e+07
7.8071e+07
7.6562e+07
7.5062e+07
7.3573e+07
7.2097e+07
7.0637e+07
6.9194e+07
6.7771e+07
6.637e+07
6.4995e+07
6.365e+07
6.2336e+07
6.1058e+07
5.9819e+07
5.8624e+07
5.7478e+07
5.6384e+07
5.5348e+07
5.4375e+07
5.347e+07
5.2638e+07
5.1885e+07
5.1216e+07
5.0636e+07
5.0151e+07
4.9766e+07
4.9484e+07
4.9309e+07
4.9246e+07
4.9295e+07
4.9459e+07
4.9739e+07
5.0135e+07
5.0646e+07
5.1271e+07
5.2007e+07
5.2853e+07
5.3804e+07
5.4858e+07
5.6009e+07
5.7255e+07
5.8591e+07
6.0013e+07
6.1516e+07
6.3097e+07
6.4752e+07
6.6476e+07
6.8266e+07
7.0118e+07
7.203e+07
7.3997e+07
7.6018e+07
7.8089e+07
8.0209e+07
8.2374e+07
8.4582e+07
8.6832e+07
8.9121e+07
9.1449e+07
9.3812e+07
9.6211e+07
9.8642e+07
1.0111e+08
1.036e+08
1.0613e+08
1.0868e+08
1.1126e+08
1.1387e+08
1.1651e+08
1.1917e+08
1.2185e+08
1.2456e+08
1.273e+08
1.3005e+08
1.3283e+08
1.3564e+08
1.3846e+08
1.413e+08
1.4417e+08
1.4705e+08
1.4996e+08
1.5289e+08
1.5583e+08
1.588e+08
1.6178e+08
1.6478e+08
1.678e+08
1.7084e+08
1.739e+08
1.7697e+08
1.8007e+08
1.8317e+08
1.863e+08
1.8945e+08
1.9261e+08
1.9578e+08
1.9898e+08
2.0219e+08
2.0542e+08
2.0866e+08
2.1192e+08
2.152e+08
2.1849e+08
2.218e+08
2.2512e+08
2.2846e+08
2.3182e+08
2.3519e+08
2.3857e+08
2.4198e+08
2.4539e+08
2.4883e+08
2.5227e+08
2.5574e+08
2.5921e+08
2.6271e+08
2.6622e+08
2.6974e+08
2.7328e+08
2.7683e+08
2.804e+08
2.8398e+08
2.8758e+08
2.9119e+08
2.9481e+08
2.9846e+08
3.0211e+08
3.0578e+08
3.0947e+08
3.1317e+08
3.1688e+08
3.2061e+08
3.2435e+08
3.2811e+08
3.3188e+08
3.3566e+08
3.3946e+08
3.4328e+08
3.4711e+08
3.5095e+08
3.548e+08
3.5868e+08
3.6256e+08
3.6646e+08
3.7037e+08
3.743e+08
3.7824e+08
3.822e+08
3.8617e+08
3.9015e+08
3.9415e+08
3.9816e+08
4.0218e+08
4.0622e+08
4.1028e+08
4.1435e+08
4.1843e+08
4.2252e+08
4.2663e+08
4.3075e+08
4.3489e+08
4.3904e+08
4.4321e+08
4.4739e+08
4.5158e+08
4.5578e+08
4.6e+08
