7.9962e+07
8.16e+07
8.3061e+07
8.4369e+07
8.5552e+07
8.6643e+07
8.7675e+07
8.8686e+07
8.9717e+07
9.0809e+07
9.2008e+07
9.3359e+07
9.4907e+07
9.6697e+07
9.8771e+07
1.0117e+08
1.0393e+08
1.0707e+08
1.1064e+08
1.1463e+08
1.1908e+08
1.2398e+08
1.2935e+08
1.3517e+08
1.4146e+08
1.482e+08
1.5538e+08
1.63e+08
1.7104e+08
1.7951e+08
1.8837e+08
1.9764e+08
2.0729e+08
2.1731e+08
2.2771e+08
2.3846e+08
2.4956e+08
2.61e+08
2.7278e+08
2.8489e+08
2.9733e+08
3.1008e+08
3.2314e+08
3.3652e+08
3.5019e+08
3.6417e+08
3.7844e+08
3.93e+08
4.0785e+08
4.2299e+08
4.3841e+08
4.5411e+08
4.7009e+08
4.8634e+08
5.0287e+08
5.1967e+08
5.3674e+08
5.5408e+08
5.7168e+08
5.8955e+08
6.0768e+08
