1.2113e+08
1.1782e+08
1.1416e+08
1.1017e+08
1.0587e+08
1.0129e+08
9.6453e+07
9.1384e+07
8.611e+07
8.0664e+07
7.5088e+07
6.9435e+07
6.3779e+07
5.8222e+07
5.2912e+07
4.8059e+07
4.396e+07
4.0998e+07
3.9596e+07
4.0084e+07
4.2559e+07
4.6851e+07
5.2653e+07
5.9645e+07
6.7567e+07
7.6227e+07
8.5491e+07
9.5265e+07
1.0548e+08
1.1609e+08
1.2707e+08
1.3838e+08
1.5001e+08
1.6194e+08
1.7417e+08
1.8668e+08
1.9946e+08
2.1252e+08
2.2584e+08
2.3942e+08
2.5327e+08
2.6737e+08
2.8172e+08
2.9633e+08
3.1118e+08
3.2629e+08
3.4164e+08
3.5724e+08
3.7309e+08
3.8918e+08
4.0552e+08
4.221e+08
4.3893e+08
4.56e+08
4.7331e+08
4.9086e+08
5.0865e+08
5.2669e+08
5.4496e+08
5.6348e+08
5.8224e+08
